1.8191 -1.0314 1301.5
0.99095 -0.70498 3068.5
196.76 -0.46714 2.4263e+08
0.35585 -0.34966 24225
1.8834 -0.18198 7409.8
0.018527 -0.94473 896.44
0.036997 -0.91772 1014.8
0.032423 -0.94487 1191
0.055126 -0.91767 942.99
0.08784 -0.68442 4491.6
0.035768 -0.9469 1055.5
0.031538 -0.96052 1156.9
0.030765 -0.95367 1042.5
0.040821 -0.94858 1338.8
0.032862 -0.95428 1055.3
0.018759 -0.4477 2239.5
0.031877 -0.95166 1110.3
0.027657 -0.92538 925
0.06254 -0.9452 1018.3
0.037992 -0.90832 1168.8
0.041048 -0.92313 1191.6
0.034463 -0.9053 1099
0.036814 -0.91602 1114.2
0.034803 -0.89306 1169.3
5.5599 -0.40837 32691
0.41696 -0.38487 14553
285.12 -0.49773 6.7312e+08
67.097 -0.58088 1.0521e+06
1.4838 -0.075709 30991
0.28971 -0.4223 21537
0.074695 -0.94686 1142.2
0.041721 -0.95197 1092.2
0.024566 -0.95126 1179
0.033966 -0.94849 1112.5
0.027626 -0.91377 1014.4
0.035667 -0.93411 1020.6
0.038303 -0.9411 1097.2
0.03596 -0.92403 1131.9
1.7651 -0.36321 92786
0.037504 -0.94896 1127.1
0.034188 -0.93896 1042.3
1.832 -0.1461 3626.1
0.034836 -0.95099 1110.2
0.031469 -0.94926 1176.1
0.031954 -0.92945 1066.3
38.898 -0.42917 4.3737e+05
0.06212 -0.94624 1182.8
0.03784 -0.95072 1166.7
0.033634 -0.92299 1037.8
0.033827 -0.94632 1156.4
0.049977 -0.91382 919.86
0.043033 -0.91955 1053.1
0.029245 -0.93869 964.14
0.033473 -0.93895 1049.6
0.1244 -0.62391 7260.2
0.075842 -0.66949 3107
0.021499 -0.29804 1589.9
0.033064 -0.91962 952.17
0.033828 -0.95014 1101.7
0.56901 -0.46916 47680
0.24807 -0.39453 12430
40.955 -0.49778 2.3142e+06
0.035894 -0.93217 1133
0.37149 -0.37644 14047
0.69058 -0.71681 22228
0.29256 -0.49832 22772
9.9722 -0.95464 4048.3
0.035104 -0.95099 1155.6
0.096346 -0.42324 590.92
1.5178 -0.062809 29597
0.031039 -0.94222 1062.1
0.36062 -0.29077 22645
10.097 -0.42371 3.1819e+05
1.5005 -0.15906 8088.1
0.036771 -0.93677 983.76
0.039027 -0.89542 1013.4
0.25265 -0.49977 7541.8
0.31517 -0.43853 13276
1.1466 -0.026961 18068
0.53468 -0.060136 2780.8
37.416 -0.33377 83745
0.02738 -0.95619 1146
0.036067 -0.93486 1181.6
0.037899 -0.95872 1069.4
0.032692 -0.93161 1080.6
0.03518 -0.95722 1169.5
0.12243 -0.91684 604.16
1.6644 -0.067467 24916
0.028971 -0.94625 1191.3
0.02976 -0.94941 1218.8
0.03343 -0.93669 1051.8
0.047607 -0.92138 1282.7
0.031498 -0.94476 1123.8
0.036622 -0.94811 1082.3
0.033336 -0.95849 1185.9
0.058884 -0.91978 1156.9
0.061164 -0.95179 1147
0.078944 -0.948 1145.2
0.032166 -0.95276 1184.5
0.032806 -0.87444 1019.5
0.037087 -0.89146 963.89
243.09 -0.44963 8.3488e+07
0.034261 -0.93198 1099
0.14001 -0.92666 1088.3
0.085262 -0.64939 4003.3
0.25494 -0.4465 18107
0.12241 -0.61261 4117.3
0.078723 -0.64302 5253.6
0.32884 -0.27015 2849.6
0.39434 -0.37878 14098
2.0916 -0.064545 7371.2
0.22399 -0.027352 1317.5
13.311 -0.32611 1.3283e+05
0.029973 -0.94552 1099.5
0.035206 -0.94571 1120.2
0.035505 -0.92337 916.48
0.37429 -0.31294 21447
0.034014 -0.94894 1135.2
0.049927 -0.94576 1172.9
0.036855 -0.93787 1095.5
0.21663 -0.37905 13371
0.069645 -0.4415 5336.1
1.4422 -0.11127 40746
1.4527 -0.1221 44807
0.034922 -0.91559 929.74
1.3194 -0.096811 19326
0.21506 -0.56403 14541
0.020694 -0.87585 878.93
0.3136 -0.3384 13911
0.013409 -0.46578 1319.8
21.09 -0.53039 17855
0.31085 -0.37002 14309
25.412 -0.41858 2.3532e+05
0.033591 -0.94138 1101.7
0.031131 -0.94993 1165.1
0.046742 -0.90349 1214
0.035013 -0.92476 1071.3
0.029356 -0.95572 1139.7
0.034472 -0.9309 931.47
0.03151 -0.9464 1149.2
0.035918 -0.93684 1073.1
0.031624 -0.95295 1150.9
0.11038 -0.696 3132
0.090163 -0.46819 6507.9
0.13929 -0.59385 7540
0.034257 -0.82775 1102
39.205 -0.60011 3.0026e+05
0.074122 -0.4639 6043.8
2.2864 -0.067213 8970.7
0.63627 -0.00046806 3435.1
0.35238 -0.31447 23417
7.2973 -0.39979 69707
0.027763 -0.94173 1041.4
0.074058 -0.95771 1245.7
0.037642 -0.93271 1050.8
0.44951 -0.37414 14534
34.811 -0.42464 7.8743e+05
0.87013 -0.40498 774.89
1.753 -0.045128 11257
0.040715 -0.95529 1081.5
0.97338 0.000525 502.8
0.025781 -0.9133 988.47
0.046438 -0.90867 1167.5
0.30188 -0.2036 10847
0.028755 -0.93466 1114.2
0.051265 -0.95127 1367
0.069845 -0.95413 1114.6
0.043489 -0.93935 1140.1
0.035444 -0.94306 1110.6
9.3881 -0.079954 649.26
0.11526 -0.55802 7775.7
0.03095 -0.95074 1175.4
0.043576 -0.91612 1076.4
0.72709 -0.83382 6875
0.1157 -0.90176 914.05
0.083147 -0.66748 4046.1
0.083815 -0.64944 4261
0.057542 -0.73548 2529.1
0.062257 -0.93144 962.96
0.35046 -0.2848 24752
0.20573 -0.37555 13713
0.29706 -0.51996 23659
1.6463 0.0019665 6891.4
0.33365 -0.42272 14390
1.8468 -0.083648 4227.7
1.6512 -0.093706 19004
1.4704 -0.094548 31327
1.4873 -0.056576 27261
0.075943 -0.46856 6445.1
1.5719 -0.070838 24656
0.014575 -0.40799 1287.8
0.042335 -0.95476 1099.2
0.032345 -0.96116 1162.4
0.039076 -0.9378 992.13
0.033522 -0.96072 1197.4
0.60909 -0.42765 33705
0.019295 -0.50252 1614.2
0.1962 -0.0094917 522.92
0.24597 -0.548 13333
0.053223 -0.94674 1036.4
16.76 -0.25446 14204
0.029174 -0.9481 1117.2
2.3575 -0.14156 4319
1.6378 -0.17676 8473.7
1.1627 -0.19004 30592
0.079326 -0.57421 5162.2
0.03295 -0.9387 972.03
0.031847 -0.96636 1209.1
0.25975 -0.84136 5064.2
0.03629 -0.91973 948.02
0.046417 -0.94635 1261.7
0.033737 -0.90604 1092.3
0.10456 -0.95366 1173.9
0.049618 -0.90832 927.77
0.03453 -0.94435 1123.3
0.08672 -0.47838 6838.2
0.026632 -0.93093 1042.2
0.066504 -0.94452 1092
0.033656 -0.88842 990.99
0.16764 -0.81474 3284.3
0.034212 -0.91657 1352.8
0.028996 -0.96003 1194.2
0.035361 -0.91098 1093.9
0.035681 -0.93239 1090.9
0.084729 -0.61125 3581.8
0.21229 -0.31969 12364
0.14839 -0.42889 8970.5
0.31449 -0.53091 17033
1.1983 -0.35416 94266
2.0201 -0.48216 48518
1.3866 -0.073012 23113
1.4253 -0.057163 28324
2.0128 -0.37457 1.3055e+05
0.64024 0.00023677 5744.7
0.35214 -0.30506 23229
0.023854 -0.46307 2273.9
0.068875 -0.44564 5378
29.361 -0.74714 1.438e+05
0.068181 -0.9655 1254.1
0.035196 -0.93173 1152.6
0.070496 -0.93564 1335.8
17.523 -0.39581 5.5337e+05
0.89622 -0.69851 3748.7
21.668 -0.22311 51700
8.6423 0.0018106 448.93
1.753 -0.68557 406.37
0.015237 -0.91462 709.68
0.032665 -0.93662 1253.5
0.10056 -0.59405 4011
0.30721 -0.11664 6511.4
0.07427 -0.95042 1146.3
0.033869 -0.92266 880.31
0.033619 -0.9516 1063.7
0.029655 -0.92346 983.46
27.607 -0.22836 81099
0.043432 -0.94959 1110.7
0.03973 -0.91728 1058.7
0.037278 -0.93942 1087.9
0.0438 -0.90773 1013.3
0.07957 -0.45488 6465.8
0.044257 -0.94251 1046.4
0.02842 -0.9214 980.92
0.024745 -0.92445 1051.5
0.074019 -0.6165 4696.5
0.045262 -0.94775 1256.8
0.04224 -0.62741 1642.3
1.5357 -0.67983 26752
1.34 -0.052774 22322
0.75107 -0.82286 14770
0.36439 -0.3536 23750
0.019927 -0.42183 2441.7
0.075163 -0.47831 4953.2
0.11718 -0.47434 2662.7
0.033529 -0.96352 1195.9
1.4909 -0.087604 30768
0.03321 -0.94088 1183.3
0.034587 -0.95344 1144
0.034951 -0.95311 1095.2
1.5912 -0.17433 6072.6
0.051636 -0.2148 631.3
0.56521 -0.90997 2192.5
0.34714 -0.48024 4624.8
1.062 -0.69297 1198.6
0.25526 -0.47869 3298.7
25.593 -0.7262 10056
7.824 -0.4102 3.1405e+05
0.1896 -0.73042 1167.7
7.9979 -0.69122 40.176
0.013595 -0.87932 372.7
1.7553 -0.5693 1458.3
0.3425 -0.26682 4773.5
0.73399 -0.01287 551.86
1.0381 -0.18677 1273.4
0.036448 -0.95313 1263.6
0.031347 -0.92463 869
8.6699 -0.68741 30.323
0.64239 -0.0015826 8477
1.0777 -0.17413 2637.3
0.4596 -0.1781 2857.9
9.398 -0.68757 26.565
0.023538 -0.17481 1434.1
0.6461 -0.41573 15487
0.035536 -0.91212 1210
0.10028 -0.20673 1538
0.027351 -0.93914 1090.9
0.030497 -0.95041 1042.2
0.027598 -0.93458 1035.3
0.031992 -0.96038 1156.2
0.036195 -0.94294 1119.5
0.043266 -0.94376 1354.2
0.028597 -0.90446 917.37
0.038077 -0.93799 1242.3
0.29067 -0.75759 5128.6
0.047564 -0.94568 1172.7
0.037741 -0.92435 1072.3
0.045845 -0.89824 982.33
0.037546 -0.91636 1353.8
0.068869 -0.59236 4397.2
0.042592 -0.88549 1041.5
89.52 -0.3504 5.1955e+06
0.36182 -0.72508 6845.4
87.154 -0.49675 1.1791e+06
1.5429 -0.083973 24119
0.33858 -0.49977 2606.1
0.77051 -0.7251 2675.2
3.409 -0.51749 3.3625e+05
0.13172 -0.21899 636.57
7.771 -0.69405 52.217
1.055 -0.16625 19300
0.07012 -0.18038 1547.5
0.077943 -0.42425 5749.6
0.026174 -0.47695 2527.8
0.11038 -0.52326 10335
5.4504 -0.30065 37883
0.029608 -0.22006 1715.1
0.07633 -0.16295 3697.7
0.026336 -0.21153 1616.9
0.65674 -0.42366 15407
0.088353 -0.50805 1994.7
0.074053 -0.44729 1525.1
0.036006 -0.93834 976.77
0.031111 -0.95408 1199.6
0.039831 -0.94668 1142.4
0.033997 -0.94794 1042.2
0.11511 -0.57825 7929.5
0.29221 -0.67534 7743.6
0.064 -0.065992 2377.1
0.16607 -0.38 7833.6
0.19738 -0.33593 1556.8
8.7543 -0.26628 6107.4
0.06928 -0.28632 1368.5
0.065858 -0.29174 1446.9
0.10793 -0.29262 1531.6
2.5147 -0.29993 24937
0.16379 -0.70963 2560.7
0.036748 -0.9359 1070.6
0.033503 -0.94609 1115.8
0.036311 -0.961 1183.7
0.035601 -0.94137 1145.3
3.5159 -0.31858 6787.6
0.075142 -0.92135 953.65
0.039292 -0.90625 1044.3
0.035593 -0.9187 1042.1
0.036263 -0.95447 1162.6
0.030987 -0.93286 1074.5
0.028649 -0.94975 1100.1
0.031821 -0.91411 994.14
0.03701 -0.91022 901.74
0.036336 -0.9505 1110.7
26.673 -0.49724 42941
0.046991 -0.92469 1288.6
0.035121 -0.94849 1129.8
0.032963 -0.93103 1082.7
10.498 -0.37304 53516
0.082845 -0.40951 2696.7
0.075219 -0.58008 5121.4
147.5 -0.43218 3.4746e+07
0.28586 -0.86972 1718.4
0.079949 -0.4697 6262.8
0.26561 -0.47652 22299
0.19996 -0.35368 11792
0.14989 -0.58787 7061.9
73.69 -0.53315 1.1207e+06
105.53 -0.40711 6.5047e+06
0.40301 -0.73587 4628.3
14.785 -0.41383 5.8103e+05
0.72784 -0.21615 28061
0.01265 -0.62966 839.73
0.76692 -0.42228 48518
0.025943 -0.40497 1717.2
0.036368 -0.91807 897.06
0.036389 -0.92137 862.97
0.036224 -0.94583 1022.3
21.248 -0.3523 4.8619e+05
0.049706 -0.88999 975.28
0.032354 -0.9271 1041.4
0.058318 -0.89358 1006.4
0.035967 -0.92435 1274.8
0.027417 -0.88986 976.75
0.019022 -0.48404 1465.6
0.038169 -0.96649 1233.2
5.0147 -0.14873 192.11
1.385 -0.073618 23925
41.381 -0.46431 8.4061e+06
2.2694 -0.19259 4724
1.3965 -0.086475 4901.3
0.308 -0.85006 7270.8
0.20501 -0.55106 13690
0.36382 -0.33701 22509
11.593 -0.33118 19458
0.081208 -0.3889 8211.5
0.034382 -0.92567 1105.3
0.034862 -0.94498 990.09
0.053926 -0.91865 788.86
0.073454 -0.94705 1388.9
0.026703 -0.88373 900.97
0.03738 -0.89775 1105
0.036904 -0.90952 1221.7
0.085746 -0.30429 3521
0.038981 -0.92872 1298.4
0.067205 -0.94044 1040.4
0.033108 -0.92831 1117.9
0.093896 -0.92461 1096.5
0.067194 -0.93937 1065.9
0.043704 -0.8918 980.78
0.60032 -0.52587 47091
0.032069 -0.93707 1176
0.053897 -0.95547 1216
0.079516 -0.45436 7379.3
0.13575 -0.79528 2597.7
0.03076 -0.94206 1116.4
0.034136 -0.90128 1145
0.030113 -0.91751 1040.3
0.040853 -0.92979 1095.1
0.039002 -0.9235 911.47
0.057919 -0.48436 5855.5
0.10499 -0.5649 7699.1
0.21431 -0.38117 13574
0.79598 -0.57309 48724
18.842 -1.049 958.82
1.4329 -0.041954 29040
0.033572 -0.8976 986.75
0.26362 -0.36003 13141
0.33661 -0.82034 5822.7
0.63214 -0.0021912 3839.6
1.514 -0.032728 30550
0.071691 -0.96324 1245.2
0.033822 -0.94045 1099
0.035808 -0.94716 1140.7
0.040366 -0.91322 1170.8
8.9282 -1.0515 154.51
0.55586 -1.0555 13202
3.9819 -0.14998 2140.9
0.035803 -0.88088 970.48
1.0724 -0.13053 4103.9
1.1633 -0.75214 13570
0.042334 -0.91033 908.17
26.702 -0.37824 19343
0.13655 -0.60836 7709.4
0.037356 -0.88962 893.46
0.039414 -0.92523 1206.5
0.037557 -0.9314 915.65
0.03141 -0.95422 1126.7
0.04985 -0.94422 1137.2
0.043851 -0.93419 1085.8
0.04224 -0.95574 1144.2
0.033075 -0.89306 966.68
0.13117 -0.9244 1094.1
0.030608 -0.94699 1100.8
0.028122 -0.94149 1177.3
0.073535 -0.6225 3896.4
0.093307 -0.53733 4969
0.038488 -0.91221 932.58
0.033734 -0.9047 864.6
0.037564 -0.9322 1067
45.5 -0.48831 3.1641e+06
0.89602 -0.60132 50639
206.78 -0.18805 2.3547e+07
1.4613 -0.10731 41551
0.25024 -0.75139 9110.7
1.4256 -0.075316 31002
0.04719 -0.43481 4339.1
0.036701 -0.95666 1172
0.039015 -0.9443 1080.4
0.034851 -0.93857 1081.2
0.03646 -0.94598 1120.5
0.034701 -0.95183 1252
0.038886 -0.90845 1582
0.28778 -0.29801 3462.5
0.033408 -0.92704 1084.7
8.5265 -0.50042 1521
2.1767 -0.1085 1684.5
4.3357 -0.31814 47809
1.5353 -0.22858 44624
5.5504 -0.68927 103.57
0.21058 -0.43763 14040
0.46463 -0.36539 14220
0.58283 -0.46064 46599
1.1955 -0.096818 726.02
0.048312 -0.90585 1051.6
0.046037 -0.93866 1495.6
0.03536 -0.95143 1152.6
0.090781 -0.65504 4528.7
0.04499 -0.93847 1118.2
0.036532 -0.94134 1051.1
0.036824 -0.95089 1085.4
0.027425 -0.93446 1070.2
0.058078 -0.95339 1176.2
0.035229 -0.90195 984.18
0.075251 -0.92771 936.26
0.033574 -0.95015 1121.1
1.9318 -0.17911 6914.1
0.034223 -0.95503 1091.4
0.032971 -0.95287 1368.8
0.030651 -0.88521 906.05
0.03085 -0.91346 739.1
0.04431 -0.89185 1016.6
0.033753 -0.9465 1161.1
0.041768 -0.88027 968.51
0.034386 -0.94656 973.27
0.07762 -0.54713 5142
0.020788 -0.58774 1094.7
0.040137 -0.86765 989.8
0.29767 -0.42448 4175.6
1.5125 -0.07248 29469
3.6204 -0.81386 74404
0.70228 -0.83438 15247
1.4167 -0.083517 28920
0.37087 -0.2872 21265
37.866 -0.51697 7.5812e+05
1.7083 -0.19777 506.46
0.14013 -0.56534 8422.2
0.69468 -0.32908 2736.7
0.038421 -0.94516 1091
0.031144 -0.93299 1172.7
0.031544 -0.91888 854.84
0.054199 -0.92923 1017.9
6.4974 -0.42419 1145.4
