306.97 9.5647 3.2381e+08
0.21574 0.17058 895.05
372.54 14.944 3.3706e+08
3.3847 0.43408 2142.9
4.3164 0.28467 4586.2
7.1633 0.09893 1476.4
0.80054 0.47726 3213.5
1.9901 0.76092 1667.4
0.11072 0.37915 722.92
0.056092 0.15545 940.87
0.063344 0.17755 512.02
0.068248 0.12366 1252.3
0.06891 0.13193 1729.6
0.31287 0.07063 1038.4
0.028255 0.11356 1538
0.20047 0.015067 1183.4
0.047625 0.10829 1731.9
0.047071 0.090705 1711.2
0.066157 0.15026 1010.2
1.8602 0.19168 1212.5
0.047714 0.1184 1101.5
0.19858 0.12756 1447.9
0.061147 0.14768 1106.3
0.062816 0.18703 906.97
0.050093 0.11642 975.61
0.080897 0.098044 1093.4
0.086625 0.17171 2533.9
2.9062 0.66731 3.5093e+05
2.3603 0.12519 1884.8
15.308 0.91154 60521
59.08 1.4771 5.7921e+05
12.955 0.34385 12396
1.2519 0.65397 3030.9
0.28947 0.82927 1385.2
0.08942 0.36394 3016.6
0.32555 0.81861 1033.5
10.004 0.76505 4412.2
7.0635 0.81423 722.99
80.717 1.7733 7.8881e+06
0.21223 0.50434 227.9
394.05 43.597 8.4174e+08
451.54 47.671 5.5097e+08
0.081672 0.24879 969.7
0.034724 0.31669 993.81
2.6127 0.54575 4158.7
0.10823 0.11727 1578.2
0.027435 0.12417 1540.7
0.26004 0.18294 2426.9
0.046024 0.12362 1481.9
0.10232 0.10885 1546.2
0.029092 0.15296 1242.6
0.046523 0.16524 1253.8
0.05931 0.1566 1209.4
0.033792 0.16882 808.63
0.59557 0.14012 1034.3
0.033653 0.12571 884.63
0.030599 0.11119 1987.3
0.048823 0.11187 1019.6
0.06181 0.12795 1318.5
0.052037 0.12623 1592.9
0.05365 0.19043 963.35
0.19718 0.11046 1189.6
0.066017 0.14634 1088.1
0.12618 0.15634 1194.4
0.067945 0.14576 1269
0.047439 0.10104 1627.6
0.036754 0.1205 1562.8
0.14852 0.1884 3204.8
25.187 0.42294 13324
13.101 2.8878 11633
252.99 27.03 1.2056e+08
17.224 5.0312 41273
2.6077 0.66781 7155.6
22.994 0.10508 23917
88.274 2.5396 2.4103e+07
0.16323 0.75396 1008.8
0.036126 0.28553 1009.1
0.24887 0.13927 1475.2
29.734 3.0033 7.114e+05
0.054612 0.18693 864.42
6.4935 0.39368 4082.7
1.4615 0.6332 1311.3
11.26 0.72799 12125
47.36 1.1675 1.8986e+05
0.051547 0.22505 1963.2
25.849 0.47775 8229.5
8.321 0.1061 4894.4
4.5886 0.25845 567.63
0.43127 0.30137 1377.4
0.059199 0.11534 1348.6
0.088149 0.12159 1394.1
0.074723 0.13456 1327.3
0.95082 0.17289 5164.3
0.04263 0.12047 1421.4
0.13978 0.11112 1834.4
0.033162 0.10738 1582.1
0.062865 0.16365 1104.8
0.037032 0.18765 1174
0.035779 0.1128 1540.1
0.038983 0.14244 1206.3
0.26668 0.15983 983.03
0.068698 0.14985 1218.8
0.048068 0.14329 1364
0.040504 0.15046 1224.1
0.04566 0.1127 1260.3
0.018824 0.13688 986.02
0.051314 0.12618 1355.3
0.044865 0.11203 1189
0.051026 0.15668 1010.6
0.03059 0.11499 1288.4
183.48 4.7063 5.1391e+07
106.4 7.4142 5.2386e+06
0.11944 0.20796 2386.9
0.35355 0.23036 3876.6
3.1345 0.47098 36121
113.35 7.9881 1.7253e+07
0.14731 0.93604 706.95
0.24496 0.65698 1514.1
42.139 0.28051 6.0772e+06
19.659 0.73098 77582
0.1175 0.4246 608.89
141.24 7.434 4.4742e+07
3.9483 0.088192 14167
1.3179 0.58848 92054
0.24633 0.14485 1146.7
0.42722 0.19922 4079.4
0.35007 0.12948 1450.8
0.039376 0.12728 1847.5
0.057453 0.1273 1457.2
0.047787 0.17084 1447.9
0.038907 0.15533 1102.9
0.10291 0.15311 1080.4
0.58254 0.13375 1177.2
0.11201 0.14827 1100.3
0.041682 0.1171 1263.8
0.069656 0.10412 1806
0.10127 0.15366 833.12
0.039199 0.12396 1417.3
57.772 2.0258 2.0659e+05
0.071865 0.11893 1454.9
0.27066 0.097097 1527.1
159.2 7.5346 2.8073e+07
0.038312 0.11012 1461.6
149.64 2.1565 2.719e+07
20.583 0.278 7.864e+05
257.04 35.837 1.9232e+08
0.15121 0.43381 307.25
3.7365 0.83688 21017
0.34291 0.20224 5468.6
75.839 7.938 1.6403e+05
0.8979 0.22691 4287.1
1.7252 0.16158 5194
2.7575 0.16836 1644.5
0.14192 0.16464 1203.2
0.03203 0.1248 860.71
0.051878 0.19861 1144.7
0.038681 0.1285 1487.4
0.22522 0.23729 1997.8
0.093154 0.1504 1369.7
0.075531 0.134 1356.1
0.055923 0.1459 1287.6
0.070889 0.10952 1332.9
0.031106 0.10998 1546.9
4.6149 0.17314 1580.2
0.075818 0.14289 1237.4
0.036172 0.11486 970.56
0.22895 0.1596 1068.1
0.04448 0.11309 1262.8
0.56306 0.13041 1573.1
0.035798 0.12507 1040.5
0.18314 0.10337 1418.7
0.039869 0.10092 1561.8
284.8 32.599 1.5915e+08
142.15 14.888 4.7296e+07
0.045597 0.12243 1176
0.36111 0.11408 1476.9
0.29459 0.11041 1339.1
100.05 9.6807 9.7449e+06
0.15758 0.31867 581.54
0.054243 0.84374 369.78
0.032338 0.13364 1475.2
0.3129 0.16079 817.88
0.050743 0.13414 1339.1
8.0989 0.1163 3259.4
0.046147 0.10761 1621.5
0.78027 0.20379 7796.3
0.077917 0.1222 1522.8
0.8006 0.15969 2388.6
0.02947 0.13649 1498.4
0.040057 0.13909 1571.5
0.052047 0.15168 1396
0.061662 0.10852 1873.5
0.25943 0.15978 1287.1
0.085998 0.13662 1330.5
0.12066 0.14981 1270.7
0.06624 0.1449 1144.8
0.10918 0.15641 1202.8
16.361 0.12676 2757.3
177.43 53.773 5.4288e+07
1.514 0.15118 2413.7
149.03 3.0298 2.7289e+07
0.20094 0.12621 697.11
196.06 58.147 5.5866e+07
219.48 66.613 8.1121e+07
31.757 0.31877 2.1445e+05
0.090892 0.19577 2236.1
2.7738 0.64549 8331.3
19.204 1.6813 96367
0.092965 0.11292 1566.6
0.10153 0.11733 1517.8
0.042535 0.12816 1382.4
0.063155 0.11885 1587.3
0.026055 0.10979 1471.6
0.045562 0.13221 1338.5
0.026887 0.10523 1064
0.15924 0.12055 1055.2
0.30186 0.15704 1255.7
0.064458 0.18345 1066.1
0.037729 0.10316 1450.7
0.076537 0.19089 1002.1
0.039339 0.11897 1364.9
0.075028 0.15501 1360.9
1.2089 0.7285 1.0062e+05
0.043921 0.12723 1535
0.08085 0.13657 1144.4
2.885 0.48917 2.2922e+05
0.53238 0.40641 575.99
2.5492 0.08253 22018
36.854 0.56947 2.4596e+05
0.081773 0.17381 292.92
