0.99095 0.30679 3453.4
206.83 1.4227 2.6352e+08
2.1873 1.0707 371.88
1.8834 0.90453 7409.8
0.35515 0.7361 23958
0.019637 0.11604 939.38
106.74 0.33234 8.4927e+06
0.038008 0.15843 1016.5
0.027099 0.15159 1190.7
0.05858 0.17203 945.06
0.086351 0.41403 4273.6
0.036634 0.15712 980.73
0.030611 0.1477 1142.8
0.028913 0.14017 1175.6
0.1529 0.13446 1378.2
0.032219 0.14786 1056
0.031402 0.15103 1133.6
0.018532 0.65106 2149.7
0.022893 0.15087 927.06
0.084476 0.15475 1027.7
0.44732 0.72069 14413
67.565 1.4433 1.0478e+06
1.4838 1.0074 30991
104.24 0.30782 6.9922e+07
0.28193 0.63188 21515
0.084183 0.15541 1085.9
0.041045 0.15241 1093.3
0.038682 0.14996 1009.9
0.031792 0.15886 1112.6
0.022988 0.16241 1015.7
0.036626 0.14872 1023.1
0.045813 0.99157 387.1
0.036361 0.14495 1097.2
0.035379 0.1641 1132.4
1.785 0.72713 92592
0.029285 0.14364 1074.9
0.036933 0.14718 1041.1
1.832 0.9143 3626.1
0.030517 0.14829 1113.2
0.0031546 0.23434 562.96
0.032354 0.15625 1147.7
0.031954 0.15484 1066.3
0.014693 0.081653 719.17
30.824 0.60686 2.1342e+05
0.064667 0.15902 1156
0.037938 0.1605 1119
0.03194 0.15407 1041.3
0.049977 0.16818 919.86
0.031228 0.17031 1157.6
0.033548 0.15967 1050.5
0.029245 0.15555 964.14
0.033473 0.16009 1049.6
0.1236 0.46078 7165.6
0.075842 0.34993 3626.1
0.032469 0.16375 1085.6
0.56901 0.60072 47680
0.24578 0.68965 12323
40.924 0.42964 2.2569e+06
0.051503 0.15431 1037.1
0.37149 0.69823 14047
0.7136 0.37992 21010
0.28554 0.61316 22011
0.037802 0.13233 1154.6
0.096346 0.66201 590.92
1.5178 1.0024 29597
0.029309 0.14868 1106.6
0.36062 0.7831 22645
9.7313 0.48098 2.9671e+05
1.5005 0.90656 8088.1
0.032675 0.15899 979.5
0.030516 0.20909 866.63
0.25057 0.59378 7472.7
0.31288 0.67577 13036
0.0041311 0.94154 388.82
0.02738 0.14163 1146
0.036067 0.15814 1181.6
0.042704 0.14507 980.7
0.009582 0.91675 441.38
0.032692 0.15275 1080.6
0.031563 0.15103 1170
0.010243 0.15364 616.06
0.029358 0.142 1191
0.029871 0.14955 1150
0.03343 0.13425 1051.8
0.037857 0.14641 1281.8
0.031207 0.16341 1095.8
0.035438 0.14443 1082.5
0.031076 0.14966 1163.6
0.058884 0.15555 1156.9
0.023641 0.098577 163.19
0.0318 0.14294 1179.6
0.069377 0.16565 1105.5
0.030346 0.15642 1186.2
0.032026 0.18592 964.07
215.84 0.4429 6.121e+07
0.034261 0.15242 1099
0.084978 0.40979 4393.1
0.27167 0.65601 17330
0.39434 0.70519 14098
2.1445 0.9578 22075
0.016207 0.935 410.91
0.029973 0.15112 1099.5
0.032666 0.14862 1119.5
0.02877 0.15736 916.52
0.37478 0.76288 21336
0.033501 0.15986 1136.7
0.027318 0.14931 1166
0.030626 0.19104 894.16
0.036855 0.16446 1095.5
1.883 0.20986 82.041
0.21663 0.67831 13371
0.069645 0.63666 5336.1
1.4422 0.98023 40746
1.4527 0.95307 44807
0.046745 0.1709 936.85
1.3194 0.95061 19326
0.21229 0.52936 14395
0.017818 0.20578 875.35
0.013409 0.59596 1319.8
0.26057 1.073 389.01
20.193 0.55866 14392
0.30891 0.72264 13969
0.031562 0.16299 1103.4
0.040228 0.15131 1172.5
0.029098 0.16492 1137.7
0.021617 0.13653 1064
0.031408 0.1565 1118.1
0.036317 0.15907 930.7
0.035918 0.14109 1073.1
0.094411 0.15174 1201.9
0.11038 0.33615 3615.7
0.09141 0.64073 6271.9
0.13929 0.47991 7540
0.023062 0.21937 1108
7.2463 0.67514 56781
0.61868 0.95464 371.72
0.071855 0.64874 5752.1
2.4473 0.98573 8865.9
0.63627 1.0891 3435.1
0.35238 0.7689 23417
0.026742 0.16106 1043.1
0.088189 0.15004 1236.6
0.037642 0.16213 1050.8
0.45028 0.71878 14470
0.050756 1.0893 128.06
0.87013 0.68006 774.89
0.75435 0.99476 544.65
1.5728 1.0235 9443
0.034499 0.122 1079.6
0.97338 1.0868 502.8
0.025781 0.15362 988.47
1.3603 0.85991 7158.8
0.034199 0.1389 1097.6
0.058666 0.14895 1142.7
0.077045 0.14827 1177.4
0.045395 0.16555 1057
0.031177 0.15549 1111.4
0.028116 0.15965 940.25
0.043576 0.15731 1076.4
0.7085 0.25725 6638.8
0.083147 0.40005 4347.7
0.065639 0.4447 4163.4
0.062257 0.13674 962.96
0.20573 0.69146 13713
0.28426 0.60418 22434
0.023641 0.9482 105.3
0.33708 0.66691 13859
1.8468 1.0083 4227.7
1.4704 0.99703 31327
1.4873 0.99611 27261
1.4265 0.98275 17400
0.076566 0.64039 6059.5
1.5719 1.0163 24656
0.014575 0.65753 1287.8
0.028927 0.1605 1056.8
0.027429 0.16579 919.66
0.030261 0.14583 1161.4
0.038966 0.16359 992.22
0.11303 0.53704 7272.1
0.030731 0.1456 1176.4
0.015064 0.61219 1410.5
0.1962 1.0911 522.92
0.61649 0.45329 580.06
0.24597 0.50606 13333
0.012832 0.24424 431.88
0.051558 0.15376 1036.7
16.641 0.80768 13971
0.029067 0.16168 1059.3
2.3575 0.9594 4319
0.07588 0.54486 4863.1
0.03295 0.16313 972.03
0.029016 0.14905 1192.5
0.064719 0.15052 1187.2
0.26552 0.25731 5025.9
0.033799 0.17677 948.28
0.046417 0.15584 1261.7
0.025106 0.16837 1095.8
0.11281 0.15043 1177.7
0.029887 0.15253 1122.7
0.086838 0.63757 6743.1
0.026632 0.14268 1042.2
0.066504 0.14857 1092
0.020161 0.16301 1159.1
0.23042 0.25759 3252.5
0.028899 0.14649 1194.1
0.035681 0.15009 1090.9
0.14733 0.78024 10214
0.14919 0.65246 8869.8
0.30425 0.5974 16545
2.2264 0.56379 49552
1.3866 1.0221 23113
2.0158 0.7066 1.3036e+05
0.64024 1.0546 5744.7
0.35268 0.77411 23136
0.023854 0.63644 2273.9
0.068383 0.66474 5303.8
0.035331 0.17403 1152.6
0.070496 0.14022 1335.8
0.066834 0.15955 882.45
21.661 0.78911 51679
8.6247 1.089 448.4
1.7631 0.41431 405.09
0.015237 0.19266 709.68
0.027495 0.14266 1248.7
0.10056 0.47875 4011
0.30721 0.95287 6511.4
0.042595 0.1433 1133.8
0.031956 0.14745 1066.2
0.023327 0.16531 984.9
27.643 0.75385 81383
0.038142 0.16467 1093.4
0.032939 0.16111 1080.3
0.03918 0.1541 1135.7
0.079279 0.6474 6403.4
0.045898 0.15828 1083
0.024745 0.14826 1051.5
0.028584 0.16157 981.62
0.072984 0.48343 4650.8
0.04224 0.34732 2231.4
1.34 1.0207 22322
0.74531 0.27386 14547
0.36451 0.75861 23599
0.019927 0.65627 2441.7
0.075163 0.58374 4953.2
0.11849 0.63628 2563.1
0.032257 0.13995 1199.3
1.4909 1.0088 30768
0.03321 0.14307 1183.3
0.061565 0.15524 1162.4
0.030955 0.12715 1157.1
0.033463 0.12114 1267.1
1.5912 0.90408 6072.6
0.051636 0.86386 631.3
0.34714 0.59676 4624.8
5.6191 1.0793 63.476
1.062 0.38709 1198.6
0.25526 0.59775 3298.7
0.1896 0.35576 1167.7
0.0096252 0.20215 373.23
1.0372 0.53279 1618.5
0.3424 0.84 4711.8
7.9595 0.41791 20.909
0.73399 1.0962 551.86
0.051053 0.22444 1103.6
0.077943 0.68524 5749.6
0.031082 0.18272 839.92
9.1313 0.44272 19.11
6.6338 0.44507 62.618
0.26809 0.89052 2328.6
5.5002 0.29067 6274.2
14.914 0.33048 12112
0.0084909 0.22583 473.21
0.022623 0.24724 1718.9
0.037499 0.15214 1214.4
0.10028 0.86335 1538
0.025018 0.15869 1091
0.030497 0.15297 1042.2
0.027598 0.16615 1035.3
0.025907 0.17519 624.46
0.030236 0.14923 1156.2
0.031896 0.15335 1119.1
0.043266 0.12672 1354.2
0.026398 0.17162 917.16
0.038077 0.1547 1242.3
0.037741 0.1646 1072.3
0.039755 0.14696 1082.1
0.068869 0.49822 4397.2
0.044647 0.18568 983.57
0.031245 0.19229 1044.8
2.1053 0.9913 9258.9
1.8814 0.13243 3132.3
1.5429 1.0062 24119
0.33858 0.58141 2606.1
3.4743 0.11391 3.2488e+05
0.13172 0.8596 636.57
1.0601 0.94376 19185
0.067723 0.24273 1547.2
0.03688 0.15672 1262.1
0.026259 0.64408 2438.8
5.4504 0.74365 37884
0.029608 0.847 1715.1
0.072846 0.24732 3374.7
0.026336 0.8586 1616.9
0.074053 0.61785 1525.1
0.034113 0.18311 975.89
0.033337 0.14497 1203.7
0.035336 0.15785 1141.9
0.064226 0.15854 1064.2
0.11511 0.508 7929.5
74.886 0.3306 1.8715e+06
8.755 0.77487 6107.9
2.5487 0.76711 24480
0.013083 0.21007 657.81
0.03704 0.16779 1012.9
0.034133 0.17583 1167.1
0.033551 0.15603 1115.7
0.035601 0.15843 1145.3
3.5157 0.74617 6787.6
0.10221 0.16488 960.34
0.035729 0.1815 1042.8
0.034522 0.17346 996.16
0.033543 0.15612 1144.3
0.027241 0.18399 1049.8
0.034999 0.14653 1436.3
0.028649 0.12877 1100.1
0.031821 0.16547 994.14
0.036156 0.17417 903.18
0.033803 0.15467 1110.2
21.22 0.6271 14809
0.033792 0.14285 1293.6
0.034781 0.16487 1131.6
0.032963 0.15759 1082.7
0.83104 0.78497 136.5
0.082915 0.6942 2623.4
0.04875 0.13073 585.27
0.19526 0.22967 602.99
0.075812 0.54019 4854.7
123.82 0.25709 2.481e+07
0.079803 0.63332 6156.7
0.27786 0.6331 20990
0.19996 0.71257 11792
0.14964 0.5025 7061.3
0.19738 0.72825 1556.8
0.01265 0.29667 1401.7
10.097 0.27036 98.768
0.76569 0.65562 48138
0.025943 0.65724 1717.2
0.034563 0.17549 898.67
0.032998 0.18994 862.02
0.034242 0.15373 1022.7
21.315 0.56773 4.882e+05
0.049292 0.19318 976.88
0.031664 0.17441 983.59
0.10013 0.15541 795.12
0.035897 0.157 1275.3
0.026644 0.18163 981.14
0.019022 0.58367 1465.6
0.038169 0.14062 1233.2
5.0138 0.96461 192.26
1.3837 1.0245 23787
0.30908 0.25057 6521.9
0.20501 0.5283 13690
0.36231 0.76356 22315
11.592 0.74576 19457
0.024422 0.16169 1103.7
0.0338 0.15691 989.87
0.051098 0.1825 787.97
0.073454 0.12052 1388.9
0.042508 0.1842 969.83
0.038981 0.16118 1298.4
0.030179 0.15277 1135.1
0.030386 0.17229 1059.3
0.60119 0.57724 46785
0.044525 0.15589 1058.8
0.064129 0.15729 1191.4
0.079516 0.63264 7379.3
0.031253 0.15439 1097.2
0.022921 0.16854 1145.5
0.034796 0.16164 1109.3
0.024166 0.15042 1142.1
0.030106 0.16798 1117.3
0.049096 0.15107 1214.2
0.21431 0.70391 13574
0.82362 0.50901 46097
0.033572 0.17305 986.75
0.32359 0.26268 5728.2
0.63214 1.0772 3839.6
0.020104 0.19299 401.28
237.81 0.15139 3.2017e+08
0.07168 0.14871 1211.3
0.033822 0.1635 1099
0.070904 0.15714 1042
0.06107 0.1538 1195.2
0.028987 0.98083 446.41
3.9819 0.92848 2140.9
1.0724 0.94652 4103.9
1.0934 0.31955 12745
0.042334 0.15675 908.17
26.782 0.65598 19519
0.13655 0.45954 7709.4
0.034234 0.18487 900.33
0.020912 0.13528 1211.4
0.033354 0.17605 915.33
0.032188 0.1525 1125.3
0.049976 0.15316 1138
0.043851 0.166 1085.8
0.042631 0.14984 1144.8
0.034631 0.12135 1431.6
0.029713 0.16196 1080.5
0.028122 0.14559 1177.3
0.073535 0.40615 4471.8
0.093307 0.54128 4969
0.054578 0.18166 940.54
0.071119 0.17575 856.7
0.037564 0.15554 1067
49.167 0.39837 3.6323e+06
0.83901 0.50333 47588
8.4556 0.64315 1377.5
0.47219 0.86738 24896
1.4613 0.96853 41551
1.4256 1.0034 31002
0.04719 0.63419 4339.1
0.031441 0.15252 1147.5
0.037112 0.1572 1080.2
0.031015 0.17089 1080.2
0.033805 0.15927 1122.6
0.032744 0.18892 967.07
0.033408 0.15588 1084.7
2.1767 0.96604 1684.5
5.5453 0.41861 104.07
0.30061 0.65412 14603
0.5179 0.72104 14134
0.018407 0.25649 571.7
0.48874 1.072 426.33
1.1955 0.98702 726.02
0.038472 0.15989 1055.2
0.032342 0.16831 1086.4
0.082122 0.44263 4198.3
0.041434 0.10824 1118
0.034615 0.16242 1066.5
0.033914 0.15506 1051.6
0.027765 0.1587 1029
0.031878 0.13283 1090.9
0.03565 0.14863 999.52
0.032861 0.15745 1121
1.9318 0.89652 6914.1
0.035469 0.17693 985.93
0.033134 0.11643 1043
0.027942 0.16757 795.87
0.033655 0.16102 1161.4
0.058912 0.18128 972.82
0.034386 0.13105 973.27
0.078014 0.54389 5065.6
13.712 0.41299 1.6916e+05
0.29938 0.68925 4105.3
1.5125 1.0014 29469
0.68784 0.26975 14340
1.4167 1.0012 28920
0.37087 0.77749 21265
1.7083 0.88766 506.46
0.14013 0.49972 8422.2
0.033724 0.16234 1069.1
0.027301 0.15562 1179.3
0.029587 0.19511 854.96
0.029162 0.15383 1009.5
7.41 0.69235 894
0.020788 0.39561 1314.2